     0
     0
     0
     0
     0
     0
     0
     0
     0
     0
     0
     0
     0
     0
     0
     0
     0
     0
     0
     0
     0
     0
     0
     0
     0
     0
     0
     0
     0
     0
     0
     0
     0
     0
     0
     0
     0
     0
     0
     0
     0
     0
     0
     0
     0
     0
     2
     2
     2
     2
     7
     7
     7
     7
    19
    19
    19
    19
    43
    43
    43
    43
    80
    80
    80
    80
   129
   129
   129
   129
   183
   183
   183
   183
   231
   231
   231
   231
   256
   256
   256
   256
   249
   249
   249
   249
   208
   208
   208
   208
   143
   143
   143
   143
    71
    71
    71
    71
    17
    17
    17
    17
    -1
    -1
    -1
    -1
    18
    18
    18
    18
    67
    67
    67
    67
   118
   118
   118
   118
   144
   144
   144
   144
   122
   122
   122
   122
    46
    46
    46
    46
   -63
   -63
   -63
   -63
  -172
  -172
  -172
  -172
  -239
  -239
  -239
  -239
  -224
  -224
  -224
  -224
  -112
  -112
  -112
  -112
    89
    89
    89
    89
   342
   342
   342
   342
   595
   595
   595
   595
   793
   793
   793
   793
   892
   892
   892
   892
   876
   876
   876
   876
   760
   760
   760
   760
   580
   580
   580
   580
   385
   385
   385
   385
   222
   222
   222
   222
   122
   122
   122
   122
    87
    87
    87
    87
    99
    99
    99
    99
   126
   126
   126
   126
   132
   132
   132
   132
    94
    94
    94
    94
    10
    10
    10
    10
   -98
   -98
   -98
   -98
  -201
  -201
  -201
  -201
  -264
  -264
  -264
  -264
  -261
  -261
  -261
  -261
  -189
  -189
  -189
  -189
   -67
   -67
   -67
   -67
    73
    73
    73
    73
   195
   195
   195
   195
   267
   267
   267
   267
   278
   278
   278
   278
   237
   237
   237
   237
   169
   169
   169
   169
   108
   108
   108
   108
    78
    78
    78
    78
    90
    90
    90
    90
   133
   133
   133
   133
   177
   177
   177
   177
   186
   186
   186
   186
   130
   130
   130
   130
    -1
    -1
    -1
    -1
  -197
  -197
  -197
  -197
  -420
  -420
  -420
  -420
  -620
  -620
  -620
  -620
  -749
  -749
  -749
  -749
  -774
  -774
  -774
  -774
  -687
  -687
  -687
  -687
  -511
  -511
  -511
  -511
  -289
  -289
  -289
  -289
   -74
   -74
   -74
   -74
    89
    89
    89
    89
   172
   172
   172
   172
   171
   171
   171
   171
   106
   106
   106
   106
     8
     8
     8
     8
   -93
   -93
   -93
   -93
  -179
  -179
  -179
  -179
  -245
  -245
  -245
  -245
  -310
  -310
  -310
  -310
  -396
  -396
  -396
  -396
  -526
  -526
  -526
  -526
  -706
  -706
  -706
  -706
  -926
  -926
  -926
  -926
 -1154
 -1154
 -1154
 -1154
 -1347
 -1347
 -1347
 -1347
 -1465
 -1465
 -1465
 -1465
 -1484
 -1484
 -1484
 -1484
 -1400
 -1400
 -1400
 -1400
 -1236
 -1236
 -1236
 -1236
 -1032
 -1032
 -1032
 -1032
  -834
  -834
  -834
  -834
  -677
  -677
  -677
  -677
  -582
  -582
  -582
  -582
  -543
  -543
  -543
  -543
  -537
  -537
  -537
  -537
  -531
  -531
  -531
  -531
  -500
  -500
  -500
  -500
  -432
  -432
  -432
  -432
  -334
  -334
  -334
  -334
  -237
  -237
  -237
  -237
  -177
  -177
  -177
  -177
  -186
  -186
  -186
  -186
  -274
  -274
  -274
  -274
  -430
  -430
  -430
  -430
  -618
  -618
  -618
  -618
  -782
  -782
  -782
  -782
  -871
  -871
  -871
  -871
  -845
  -845
  -845
  -845
  -694
  -694
  -694
  -694
  -437
  -437
  -437
  -437
  -118
  -118
  -118
  -118
   203
   203
   203
   203
   471
   471
   471
   471
   649
   649
   649
   649
   720
   720
   720
   720
   696
   696
   696
   696
   606
   606
   606
   606
   484
   484
   484
   484
   357
   357
   357
   357
   238
   238
   238
   238
   125
   125
   125
   125
     8
     8
     8
     8
  -126
  -126
  -126
  -126
  -278
  -278
  -278
  -278
  -434
  -434
  -434
  -434
  -562
  -562
  -562
  -562
  -626
  -626
  -626
  -626
  -590
  -590
  -590
  -590
  -435
  -435
  -435
  -435
  -168
  -168
  -168
  -168
   182
   182
   182
   182
   567
   567
   567
   567
   933
   933
   933
   933
  1232
  1232
  1232
  1232
  1438
  1438
  1438
  1438
  1546
  1546
  1546
  1546
  1574
  1574
  1574
  1574
  1552
  1552
  1552
  1552
  1510
  1510
  1510
  1510
  1463
  1463
  1463
  1463
  1413
  1413
  1413
  1413
  1344
  1344
  1344
  1344
  1231
  1231
  1231
  1231
  1051
  1051
  1051
  1051
   799
   799
   799
   799
   491
   491
   491
   491
   163
   163
   163
   163
  -132
  -132
  -132
  -132
  -345
  -345
  -345
  -345
  -438
  -438
  -438
  -438
  -399
  -399
  -399
  -399
  -246
  -246
  -246
  -246
   -17
   -17
   -17
   -17
   231
   231
   231
   231
   452
   452
   452
   452
   612
   612
   612
   612
   706
   706
   706
   706
   748
   748
   748
   748
   770
   770
   770
   770
   804
   804
   804
   804
   872
   872
   872
   872
   972
   972
   972
   972
  1084
  1084
  1084
  1084
  1174
  1174
  1174
  1174
  1201
  1201
  1201
  1201
  1139
  1139
  1139
  1139
   982
   982
   982
   982
   752
   752
   752
   752
   487
   487
   487
   487
   238
   238
   238
   238
    50
    50
    50
    50
   -53
   -53
   -53
   -53
   -68
   -68
   -68
   -68
   -15
   -15
   -15
   -15
    71
    71
    71
    71
   157
   157
   157
   157
   215
   215
   215
   215
   241
   241
   241
   241
   242
   242
   242
   242
   237
   237
   237
   237
   245
   245
   245
   245
   276
   276
   276
   276
   320
   320
   320
   320
   356
   356
   356
   356
   354
   354
   354
   354
   289
   289
   289
   289
   151
   151
   151
   151
   -49
   -49
   -49
   -49
  -280
  -280
  -280
  -280
  -495
  -495
  -495
  -495
  -650
  -650
  -650
  -650
  -709
  -709
  -709
  -709
  -663
  -663
  -663
  -663
  -528
  -528
  -528
  -528
  -340
  -340
  -340
  -340
  -143
  -143
  -143
  -143
    22
    22
    22
    22
   133
   133
   133
   133
   189
   189
   189
   189
   213
   213
   213
   213
   236
   236
   236
   236
   285
   285
   285
   285
   376
   376
   376
   376
   497
   497
   497
   497
   617
   617
   617
   617
   690
   690
   690
   690
   675
   675
   675
   675
   543
   543
   543
   543
   295
   295
   295
   295
   -34
   -34
   -34
   -34
  -390
  -390
  -390
  -390
  -705
  -705
  -705
  -705
  -920
  -920
  -920
  -920
  -997
  -997
  -997
  -997
  -933
  -933
  -933
  -933
  -753
  -753
  -753
  -753
  -504
  -504
  -504
  -504
  -240
  -240
  -240
  -240
   -10
   -10
   -10
   -10
   160
   160
   160
   160
   267
   267
   267
   267
   325
   325
   325
   325
   357
   357
   357
   357
   385
   385
   385
   385
   420
   420
   420
   420
   456
   456
   456
   456
   477
   477
   477
   477
   468
   468
   468
   468
   416
   416
   416
   416
   325
   325
   325
   325
   213
   213
   213
   213
   112
   112
   112
   112
    50
    50
    50
    50
    49
    49
    49
    49
   110
   110
   110
   110
   215
   215
   215
   215
   329
   329
   329
   329
   412
   412
   412
   412
   437
   437
   437
   437
   391
   391
   391
   391
   288
   288
   288
   288
   162
   162
   162
   162
    57
    57
    57
    57
    11
    11
    11
    11
    43
    43
    43
    43
   150
   150
   150
   150
   301
   301
   301
   301
   449
   449
   449
   449
   544
   544
   544
   544
   554
   554
   554
   554
   468
   468
   468
   468
   303
   303
   303
   303
   103
   103
   103
   103
   -79
   -79
   -79
   -79
  -200
  -200
  -200
  -200
  -230
  -230
  -230
  -230
  -168
  -168
  -168
  -168
   -38
   -38
   -38
   -38
   116
   116
   116
   116
   256
   256
   256
   256
   346
   346
   346
   346
   375
   375
   375
   375
   351
   351
   351
   351
   302
   302
   302
   302
   257
   257
   257
   257
   238
   238
   238
   238
   251
   251
   251
   251
   280
   280
   280
   280
   295
   295
   295
   295
   262
   262
   262
   262
   157
   157
   157
   157
   -25
   -25
   -25
   -25
  -268
  -268
  -268
  -268
  -531
  -531
  -531
  -531
  -765
  -765
  -765
  -765
  -925
  -925
  -925
  -925
  -983
  -983
  -983
  -983
  -932
  -932
  -932
  -932
  -792
  -792
  -792
  -792
  -602
  -602
  -602
  -602
  -401
  -401
  -401
  -401
  -225
  -225
  -225
  -225
   -92
   -92
   -92
   -92
    -4
    -4
    -4
    -4
    50
    50
    50
    50
    90
    90
    90
    90
   123
   123
   123
   123
   143
   143
   143
   143
   136
   136
   136
   136
    77
    77
    77
    77
   -54
   -54
   -54
   -54
  -264
  -264
  -264
  -264
  -534
  -534
  -534
  -534
  -827
  -827
  -827
  -827
 -1094
 -1094
 -1094
 -1094
 -1279
 -1279
 -1279
 -1279
 -1346
 -1346
 -1346
 -1346
 -1282
 -1282
 -1282
 -1282
 -1105
 -1105
 -1105
 -1105
  -857
  -857
  -857
  -857
  -597
  -597
  -597
  -597
  -379
  -379
  -379
  -379
  -240
  -240
  -240
  -240
  -191
  -191
  -191
  -191
  -213
  -213
  -213
  -213
  -269
  -269
  -269
  -269
  -314
  -314
  -314
  -314
  -313
  -313
  -313
  -313
  -255
  -255
  -255
  -255
  -152
  -152
  -152
  -152
   -37
   -37
   -37
   -37
    45
    45
    45
    45
    57
    57
    57
    57
   -17
   -17
   -17
   -17
  -173
  -173
  -173
  -173
  -380
  -380
  -380
  -380
  -592
  -592
  -592
  -592
  -758
  -758
  -758
  -758
  -846
  -846
  -846
  -846
  -841
  -841
  -841
  -841
  -753
  -753
  -753
  -753
  -610
  -610
  -610
  -610
  -448
  -448
  -448
  -448
  -300
  -300
  -300
  -300
  -184
  -184
  -184
  -184
  -100
  -100
  -100
  -100
   -39
   -39
   -39
   -39
    16
    16
    16
    16
    80
    80
    80
    80
   149
   149
   149
   149
   210
   210
   210
   210
   239
   239
   239
   239
   214
   214
   214
   214
   122
   122
   122
   122
   -27
   -27
   -27
   -27
  -206
  -206
  -206
  -206
  -372
  -372
  -372
  -372
  -477
  -477
  -477
  -477
  -488
  -488
  -488
  -488
  -391
  -391
  -391
  -391
  -204
  -204
  -204
  -204
    31
    31
    31
    31
   263
   263
   263
   263
   438
   438
   438
   438
   518
   518
   518
   518
   496
   496
   496
   496
   393
   393
   393
   393
   248
   248
   248
   248
   110
   110
   110
   110
    21
    21
    21
    21
     0
     0
     0
     0
    37
    37
    37
    37
   105
   105
   105
   105
   165
   165
   165
   165
   179
   179
   179
   179
   125
   125
   125
   125
    10
    10
    10
    10
  -138
  -138
  -138
  -138
  -283
  -283
  -283
  -283
  -382
  -382
  -382
  -382
  -407
  -407
  -407
  -407
  -354
  -354
  -354
  -354
  -242
  -242
  -242
  -242
  -106
  -106
  -106
  -106
    14
    14
    14
    14
    88
    88
    88
    88
   101
   101
   101
   101
    66
    66
    66
    66
     5
     5
     5
     5
   -47
   -47
   -47
   -47
   -68
   -68
   -68
   -68
   -45
   -45
   -45
   -45
     9
     9
     9
     9
    70
    70
    70
    70
   104
   104
   104
   104
    82
    82
    82
    82
    -5
    -5
    -5
    -5
  -149
  -149
  -149
  -149
  -319
  -319
  -319
  -319
  -476
  -476
  -476
  -476
  -584
  -584
  -584
  -584
  -621
  -621
  -621
  -621
  -589
  -589
  -589
  -589
  -508
  -508
  -508
  -508
  -416
  -416
  -416
  -416
  -347
  -347
  -347
  -347
  -326
  -326
  -326
  -326
  -358
  -358
  -358
  -358
  -425
  -425
  -425
  -425
  -493
  -493
  -493
  -493
  -527
  -527
  -527
  -527
  -500
  -500
  -500
  -500
  -405
  -405
  -405
  -405
  -259
  -259
  -259
  -259
   -99
   -99
   -99
   -99
    31
    31
    31
    31
    98
    98
    98
    98
    81
    81
    81
    81
    -9
    -9
    -9
    -9
  -144
  -144
  -144
  -144
  -278
  -278
  -278
  -278
  -365
  -365
  -365
  -365
  -377
  -377
  -377
  -377
  -307
  -307
  -307
  -307
  -175
  -175
  -175
  -175
   -21
   -21
   -21
   -21
   111
   111
   111
   111
   191
   191
   191
   191
   201
   201
   201
   201
   152
   152
   152
   152
    74
    74
    74
    74
     3
     3
     3
     3
   -28
   -28
   -28
   -28
    -6
    -6
    -6
    -6
    63
    63
    63
    63
   152
   152
   152
   152
   224
   224
   224
   224
   247
   247
   247
   247
   203
   203
   203
   203
    96
    96
    96
    96
   -47
   -47
   -47
   -47
  -185
  -185
  -185
  -185
  -277
  -277
  -277
  -277
  -297
  -297
  -297
  -297
  -235
  -235
  -235
  -235
  -109
  -109
  -109
  -109
    45
    45
    45
    45
   192
   192
   192
   192
   298
   298
   298
   298
   350
   350
   350
   350
   354
   354
   354
   354
   335
   335
   335
   335
   324
   324
   324
   324
   344
   344
   344
   344
   403
   403
   403
   403
   492
   492
   492
   492
   580
   580
   580
   580
   632
   632
   632
   632
   619
   619
   619
   619
   529
   529
   529
   529
   372
   372
   372
   372
   181
   181
   181
   181
     1
     1
     1
     1
  -124
  -124
  -124
  -124
  -169
  -169
  -169
  -169
  -129
  -129
  -129
  -129
   -23
   -23
   -23
   -23
   108
   108
   108
   108
   221
   221
   221
   221
   282
   282
   282
   282
   277
   277
   277
   277
   216
   216
   216
   216
   128
   128
   128
   128
    55
    55
    55
    55
    31
    31
    31
    31
    73
    73
    73
    73
   180
   180
   180
   180
   325
   325
   325
   325
   471
   471
   471
   471
   579
   579
   579
   579
   627
   627
   627
   627
   609
   609
   609
   609
   543
   543
   543
   543
   463
   463
   463
   463
   402
   402
   402
   402
   387
   387
   387
   387
   422
   422
   422
   422
   493
   493
   493
   493
   570
   570
   570
   570
   616
   616
   616
   616
   604
   604
   604
   604
   527
   527
   527
   527
   401
   401
   401
   401
   257
   257
   257
   257
   138
   138
   138
   138
    78
    78
    78
    78
    92
    92
    92
    92
   169
   169
   169
   169
   279
   279
   279
   279
   379
   379
   379
   379
   425
   425
   425
   425
   392
   392
   392
   392
   277
   277
   277
   277
   105
   105
   105
   105
   -84
   -84
   -84
   -84
  -245
  -245
  -245
  -245
  -340
  -340
