     0
     0
     0
     0
     0
     0
     0
     0
     0
     0
     0
     0
     0
     0
     0
     0
     0
     0
     1
     1
     1
     1
     3
     3
     3
     3
   -17
   -17
   -17
   -17
    99
    99
    99
    99
   849
   849
   849
   842
   613
   613
   613
   608
   258
   258
   258
   256
   562
   562
   562
   558
   110
   110
   110
   109
  -659
  -659
  -659
  -654
  -596
  -596
  -596
  -592
   -88
   -88
   -88
   -87
  -133
  -133
  -133
  -132
    54
    54
    54
    53
   831
   831
   831
   825
   941
   941
   941
   933
   303
   303
   303
   301
    37
    37
    37
    36
  -150
  -150
  -150
  -149
  -985
  -985
  -985
  -977
 -1233
 -1233
 -1233
 -1224
  -835
  -835
  -835
  -828
  -231
  -231
  -231
  -230
    88
    88
    88
    88
   990
   990
   990
   982
  1762
  1762
  1762
  1748
  1873
  1873
  1873
  1858
  1473
  1473
  1473
  1462
  1407
  1407
  1407
  1395
   599
   599
   599
   594
  -198
  -198
  -198
  -197
  -517
  -517
  -517
  -513
  -450
  -450
  -450
  -447
  -341
  -341
  -341
  -339
   -55
   -55
   -55
   -55
   491
   491
   491
   487
   774
   774
   774
   767
   638
   638
   638
   633
   333
   333
   333
   330
   -74
   -74
   -74
   -74
  -540
  -540
  -540
  -537
  -903
  -903
  -903
  -896
  -968
  -968
  -968
  -961
  -687
  -687
  -687
  -682
  -195
  -195
  -195
  -194
   292
   292
   292
   289
   750
   750
   750
   744
   897
   897
   897
   889
   834
   834
   834
   827
   410
   410
   410
   407
   -19
   -19
   -19
   -20
  -222
  -222
  -222
  -221
  -424
  -424
  -424
  -421
  -527
  -527
  -527
  -524
   -72
   -72
   -72
   -72
   580
   580
   580
   575
   699
   699
   699
   693
   733
   733
   733
   727
   811
   811
   811
   804
   278
   278
   278
   275
  -737
  -737
  -737
  -732
 -1125
 -1125
 -1125
 -1117
 -1444
 -1444
 -1444
 -1433
 -1829
 -1829
 -1829
 -1816
 -1528
 -1528
 -1528
 -1516
  -650
  -650
  -650
  -646
   -46
   -46
   -46
   -46
   274
   274
   274
   272
   804
   804
   804
   797
  1151
  1151
  1151
  1142
   515
   515
   515
   510
    -5
    -5
    -5
    -5
    -5
    -5
    -5
    -6
  -395
  -395
  -395
  -392
  -912
  -912
  -912
  -906
  -446
  -446
  -446
  -442
   145
   145
   145
   143
  -121
  -121
  -121
  -121
  -200
  -200
  -200
  -198
    65
    65
    65
    64
  -441
  -441
  -441
  -438
 -1674
 -1674
 -1674
 -1662
 -1920
 -1920
 -1920
 -1905
 -1985
 -1985
 -1985
 -1970
 -2415
 -2415
 -2415
 -2397
 -2231
 -2231
 -2231
 -2214
 -1308
 -1308
 -1308
 -1297
  -692
  -692
  -692
  -687
  -626
  -626
  -626
  -620
   -42
   -42
   -42
   -42
   330
   330
   330
   328
  -387
  -387
  -387
  -384
  -906
  -906
  -906
  -898
  -671
  -671
  -671
  -665
  -961
  -961
  -961
  -954
 -1128
 -1128
 -1128
 -1118
  -628
  -628
  -628
  -623
   337
   337
   337
   335
   271
   271
   271
   270
   334
   334
   334
   332
   659
   659
   659
   654
   150
   150
   150
   150
  -955
  -955
  -955
  -947
 -1388
 -1388
 -1388
 -1377
 -1494
 -1494
 -1494
 -1482
 -1912
 -1912
 -1912
 -1896
 -1730
 -1730
 -1730
 -1715
  -783
  -783
  -783
  -776
    82
    82
    82
    82
   569
   569
   569
   566
  1237
  1237
  1237
  1228
  1652
  1652
  1652
  1640
  1313
  1313
  1313
  1304
   917
   917
   917
   911
   641
   641
   641
   637
   239
   239
   239
   237
  -136
  -136
  -136
  -134
     7
     7
     7
     8
   188
   188
   188
   187
   328
   328
   328
   326
   237
   237
   237
   236
    94
    94
    94
    94
  -366
  -366
  -366
  -362
  -892
  -892
  -892
  -884
 -1214
 -1214
 -1214
 -1204
 -1444
 -1444
 -1444
 -1432
 -1341
 -1341
 -1341
 -1329
  -820
  -820
  -820
  -813
   -83
   -83
   -83
   -81
   839
   839
   839
   834
  1516
  1516
  1516
  1505
  2050
  2050
  2050
  2035
  2179
  2179
  2179
  2170
  1965
  1965
  1965
  1955
  1915
  1915
  1915
  1903
  1287
  1287
  1287
  1282
  1084
  1084
  1084
  1078
  1240
  1240
  1240
  1225
  1393
  1393
  1393
  1379
  1418
  1418
  1418
  1406
  1751
  1751
  1751
  1737
  1833
  1833
  1833
  1819
  1354
  1354
  1354
  1350
   711
   711
   711
   713
   325
   325
   325
   325
  -698
  -698
  -698
  -692
 -1392
 -1392
 -1392
 -1382
 -1458
 -1458
 -1458
 -1454
 -1094
 -1094
 -1094
 -1095
  -821
  -821
  -821
  -820
  -174
  -174
  -174
  -175
   873
   873
   873
   867
  1208
  1208
  1208
  1207
  1046
  1046
  1046
  1052
  1190
  1190
  1190
  1195
  1140
  1140
  1140
  1143
   287
   287
   287
   297
    41
    41
    41
    46
   622
   622
   622
   616
   765
   765
   765
   756
   896
   896
   896
   886
  1605
  1605
  1605
  1591
  2023
  2023
  2023
  2008
  1981
  1981
  1981
  1970
  1374
  1374
  1374
  1369
  1418
  1418
  1418
  1413
   344
   344
   344
   344
  -631
  -631
  -631
  -626
  -714
  -714
  -714
  -713
  -521
  -521
  -521
  -523
  -703
  -703
  -703
  -705
  -370
  -370
  -370
  -372
   629
   629
   629
   622
   736
   736
   736
   733
   372
   372
   372
   375
   465
   465
   465
   469
   604
   604
   604
   606
  -174
  -174
  -174
  -169
  -457
  -457
  -457
  -453
   179
   179
   179
   176
   348
   348
   348
   342
   234
   234
   234
   229
   798
   798
   798
   791
  1281
  1281
  1281
  1276
   702
   702
   702
   702
    96
    96
    96
   101
  -127
  -127
  -127
  -119
  -820
  -820
  -820
  -811
 -1637
 -1637
 -1637
 -1629
 -1601
 -1601
 -1601
 -1597
 -1183
 -1183
 -1183
 -1184
  -930
  -930
  -930
  -937
  -450
  -450
  -450
  -458
   400
   400
   400
   392
   850
   850
   850
   843
   502
   502
   502
   500
   503
   503
   503
   506
   365
   365
   365
   371
  -213
  -213
  -213
  -207
  -403
  -403
  -403
  -400
  -118
  -118
  -118
  -117
   293
   293
   293
   288
   714
   714
   714
   702
  1358
  1358
  1358
  1344
  1572
  1572
  1572
  1561
  1520
  1520
  1520
  1507
  1041
  1041
  1041
  1031
   251
   251
   251
   249
  -638
  -638
  -638
  -636
 -1480
 -1480
 -1480
 -1482
 -2049
 -2049
 -2049
 -2049
 -2051
 -2051
 -2051
 -2051
 -1766
 -1766
 -1766
 -1771
  -997
  -997
  -997
 -1008
  -392
  -392
  -392
  -400
   219
   219
   219
   211
   692
   692
   692
   680
   773
   773
   773
   765
   430
   430
   430
   428
   376
   376
   376
   369
   247
   247
   247
   236
   -40
   -40
   -40
   -47
    26
    26
    26
    17
   586
   586
   586
   571
   842
   842
   842
   828
   729
   729
   729
   724
   914
   914
   914
   906
   835
   835
   835
   829
   142
   142
   142
   144
  -372
  -372
  -372
  -371
  -371
  -371
  -371
  -378
  -464
  -464
  -464
  -473
  -672
  -672
  -672
  -681
   177
   177
   177
   158
   786
   786
   786
   763
   856
   856
   856
   840
   976
   976
   976
   965
  1185
  1185
  1185
  1177
   703
   703
   703
   703
  -276
  -276
  -276
  -264
  -458
  -458
  -458
  -448
  -448
  -448
  -448
  -440
  -890
  -890
  -890
  -881
  -563
  -563
  -563
  -560
   574
   574
   574
   565
   973
   973
   973
   963
  1059
  1059
  1059
  1049
  1439
  1439
  1439
  1427
  1365
  1365
  1365
  1353
   547
   547
   547
   540
  -261
  -261
  -261
  -265
  -437
  -437
  -437
  -444
  -930
  -930
  -930
  -936
 -1354
 -1354
 -1354
 -1359
  -681
  -681
  -681
  -690
   168
   168
   168
   156
   246
   246
   246
   240
   609
   609
   609
   606
  1236
  1236
  1236
  1234
   988
   988
   988
   992
   235
   235
   235
   246
   134
   134
   134
   145
   119
   119
   119
   129
  -455
  -455
  -455
  -445
  -308
  -308
  -308
  -300
   469
   469
   469
   471
   731
   731
   731
   733
   645
   645
   645
   648
   926
   926
   926
   930
   783
   783
   783
   788
  -100
  -100
  -100
   -91
  -894
  -894
  -894
  -884
 -1179
 -1179
 -1179
 -1170
 -1626
 -1626
 -1626
 -1621
 -2017
 -2017
 -2017
 -2014
 -1649
 -1649
 -1649
 -1650
  -813
  -813
  -813
  -818
  -532
  -532
  -532
  -537
  -162
  -162
  -162
  -164
   476
   476
   476
   476
   420
   420
   420
   424
    19
    19
    19
    24
   -66
   -66
   -66
   -59
   -93
   -93
   -93
   -85
  -141
  -141
  -141
  -141
   -55
   -55
   -55
   -56
   468
   468
   468
   466
   610
   610
   610
   609
   607
   607
   607
   607
   381
   381
   381
   388
  -138
  -138
  -138
  -123
  -931
  -931
  -931
  -911
 -1625
 -1625
 -1625
 -1603
 -2128
 -2128
 -2128
 -2102
 -2350
 -2350
 -2350
 -2330
 -2154
 -2154
 -2154
 -2143
 -1609
 -1609
 -1609
 -1604
  -988
  -988
  -988
  -985
   -69
   -69
   -69
   -75
   475
   475
   475
   467
   547
   547
   547
   547
   420
   420
   420
   421
    80
    80
    80
    81
  -486
  -486
  -486
  -479
 -1053
 -1053
 -1053
 -1041
  -952
  -952
  -952
  -947
  -687
  -687
  -687
  -686
  -462
  -462
  -462
  -458
   131
   131
   131
   131
   815
   815
   815
   810
   876
   876
   876
   875
   516
   516
   516
   521
   313
   313
   313
   315
  -142
  -142
  -142
  -141
 -1101
 -1101
 -1101
 -1094
 -1632
 -1632
 -1632
 -1626
 -1410
 -1410
 -1410
 -1413
 -1455
 -1455
 -1455
 -1457
 -1348
 -1348
 -1348
 -1348
  -452
  -452
  -452
  -456
   120
   120
   120
   114
    50
    50
    50
    52
   -12
   -12
   -12
    -6
   318
   318
   318
   319
   -70
   -70
   -70
   -66
  -582
  -582
  -582
  -576
  -187
  -187
  -187
  -188
   260
   260
   260
   255
    73
    73
    73
    70
   461
   461
   461
   459
  1062
  1062
  1062
  1059
   855
   855
   855
   858
    98
    98
    98
   109
  -123
  -123
  -123
  -111
  -471
  -471
  -471
  -459
 -1443
 -1443
 -1443
 -1430
 -1598
 -1598
 -1598
 -1590
  -906
  -906
  -906
  -911
  -535
  -535
  -535
  -547
  -221
  -221
  -221
  -235
   786
   786
   786
   766
  1605
  1605
  1605
  1584
  1172
  1172
  1172
  1160
  1019
  1019
  1019
  1012
   944
   944
   944
   942
   144
   144
   144
   149
  -753
  -753
  -753
  -744
  -702
  -702
  -702
  -694
  -350
  -350
  -350
  -345
  -462
  -462
  -462
  -459
    35
    35
    35
    36
   892
   892
   892
   889
  1024
  1024
  1024
  1023
   508
   508
   508
   511
   385
   385
   385
   389
   126
   126
   126
   133
  -919
  -919
  -919
  -910
 -1203
 -1203
 -1203
 -1196
  -964
  -964
  -964
  -958
  -794
  -794
  -794
  -791
  -620
  -620
  -620
  -619
   127
   127
   127
   128
   755
   755
   755
   757
   612
   612
   612
   615
   542
   542
   542
   547
   419
   419
   419
   427
  -149
  -149
  -149
  -140
  -652
  -652
  -652
  -647
  -585
  -585
  -585
  -582
  -393
  -393
  -393
  -392
  -191
  -191
  -191
  -195
   256
   256
   256
   252
   642
   642
   642
   643
   769
   769
   769
   772
   520
   520
   520
   526
   139
   139
   139
   151
  -377
  -377
  -377
  -361
  -887
  -887
  -887
  -873
 -1361
 -1361
 -1361
 -1350
 -1281
 -1281
 -1281
 -1272
 -1002
 -1002
 -1002
  -999
  -592
  -592
  -592
  -595
   -93
   -93
   -93
   -95
   228
   228
   228
   231
   271
   271
   271
   273
   139
   139
   139
   145
  -411
  -411
  -411
  -395
  -840
  -840
  -840
  -822
 -1086
 -1086
 -1086
 -1072
 -1143
 -1143
 -1143
 -1130
 -1099
 -1099
 -1099
 -1086
  -378
  -378
  -378
  -375
   257
   257
   257
   256
   427
   427
   427
   431
   776
   776
   776
   779
  1049
  1049
  1049
  1049
   409
   409
   409
   416
  -352
  -352
  -352
  -339
  -661
  -661
  -661
  -654
  -913
  -913
  -913
  -909
 -1283
 -1283
 -1283
 -1279
 -1112
 -1112
 -1112
 -1112
   -78
   -78
   -78
   -90
   314
   314
   314
   302
   474
   474
   474
   467
   962
   962
   962
   953
   991
   991
   991
   985
   220
   220
   220
   225
  -235
  -235
  -235
  -227
  -138
  -138
  -138
  -134
  -674
  -674
  -674
  -666
  -834
  -834
  -834
  -825
  -115
  -115
  -115
  -112
   544
   544
   544
   543
   487
   487
   487
   489
   756
   756
   756
   759
  1117
  1117
  1117
  1116
   582
   582
   582
   583
  -374
  -374
  -374
  -369
  -510
  -510
  -510
  -510
  -686
  -686
  -686
  -690
 -1210
 -1210
 -1210
 -1215
 -1120
 -1120
 -1120
 -1127
    43
    43
    43
    28
   349
   349
   349
   336
   400
   400
   400
   391
   927
   927
   927
   921
  1148
  1148
  1148
  1144
   381
   381
   381
   384
   -26
   -26
   -26
   -20
   160
   160
   160
   161
  -109
  -109
  -109
  -110
  -304
  -304
  -304
  -308
   352
   352
   352
   344
  1085
  1085
  1085
  1072
  1031
  1031
  1031
  1021
  1166
  1166
  1166
  1159
  1414
  1414
  1414
  1411
   811
   811
   811
   813
  -115
  -115
  -115
  -109
  -434
  -434
  -434
  -427
  -616
  -616
  -616
  -610
 -1115
 -1115
 -1115
 -1114
  -896
  -896
  -896
  -900
   -14
   -14
   -14
   -24
   435
   435
   435
   422
   623
   623
   623
   608
  1042
  1042
  1042
  1033
   974
   974
   974
   968
   394
   394
   394
   393
  -153
  -153
  -153
  -151
  -273
  -273
  -273
  -268
  -656
  -656
  -656
  -651
  -639
  -639
  -639
  -638
  -190
  -190
  -190
  -189
   451
   451
   451
   451
   771
   771
   771
   767
  1142
  1142
  1142
  1138
  1341
  1341
  1341
  1340
  1122
  1122
  1122
  1121
   626
   626
   626
   623
   173
   173
   173
   171
  -116
  -116
  -116
  -118
  -240
  -240
  -240
  -248
   -22
   -22
   -22
   -34
   372
   372
   372
   362
   858
   858
   858
   848
  1217
  1217
  1217
  1206
  1291
  1291
  1291
  1287
  1011
  1011
  1011
  1016
   664
   664
   664
   669
   141
   141
   141
   148
  -538
  -538
  -538
  -525
  -759
  -759
  -759
  -751
  -393
  -393
  -393
  -395
  -174
  -174
  -174
  -177
   187
   187
   187
   184
   951
   951
   951
   941
  1319
  1319
  1319
  1309
   981
   981
   981
   981
   721
   721
   721
   724
   472
   472
   472
   473
  -339
  -339
  -339
  -333
 -1136
 -1136
 -1136
 -1125
  -999
  -999
  -999
  -998
  -810
  -810
  -810
  -812
  -839
  -839
  -839
  -839
  -219
  -219
  -219
  -223
   647
   647
   647
   637
   519
   519
   519
   517
   208
   208
   208
   212
   414
   414
   414
   416
   140
   140
   140
   144
  -621
  -621
  -621
  -613
  -729
  -729
  -729
  -724
   170
   170
