     0
     0
     0
     0
     0
     1
     3
   -17
    99
   849
   620
   270
   576
   128
  -640
  -582
   -78
  -124
    62
   840
   956
   326
    62
  -124
  -960
 -1216
  -827
  -230
    88
   990
  1770
  1895
  1510
  1455
   659
  -133
  -453
  -390
  -284
     0
   546
   833
   704
   404
     0
  -466
  -832
  -904
  -630
  -143
   343
   804
   957
   902
   485
    59
  -143
  -346
  -452
     0
   652
   776
   816
   900
   374
  -638
 -1031
 -1358
 -1754
 -1466
  -600
     0
   320
   852
  1206
   579
    64
    64
  -325
  -845
  -385
   202
   -62
  -141
   122
  -383
 -1619
 -1877
 -1957
 -2402
 -2236
 -1330
  -725
  -664
   -86
   286
  -429
  -951
  -724
