-0
1
1
-4
35
57
62
62
64
64
64
64
63
62
62
62
64
63
62
62
62
64
61
56
54
55
60
65
51
35
13
3
5
12
18
22
22
14
1
-10
-16
-16
-9
4
18
27
29
24
12
-3
-17
-24
-25
-23
-18
-11
-11
-21
-32
-42
-52
-55
-49
-37
-18
10
32
40
40
36
24
6
-3
-4
-5
0
13
19
16
17
19
17
23
45
61
64
46
14
-7
-18
-28
-29
-25
-31
-43
-52
-58
-64
-64
-64
-64
-64
-63
-62
-64
-59
-46
-18
12
26
27
21
4
-20
-37
-46
-52
-53
-51
-50
-51
-53
-54
-54
-50
-39
-20
5
28
40
43
34
13
-18
-45
-62
-63
-57
-48
-34
-15
7
34
53
63
64
64
63
55
41
26
13
10
23
39
51
60
64
64
64
64
61
57
39
9
-23
-42
-56
-59
-54
-48
-42
-34
-29
-38
-47
-51
-56
-60
-59
-56
-57
-60
-61
-63
-63
-59
-58
-59
-62
-62
-54
-41
-29
-23
-29
-41
-47
-52
-56
-54
-51
-50
-53
-59
-63
-61
-47
-34
-29
-36
-53
-64
-61
-46
-35
-31
-36
-46
-55
-59
-61
-63
-63
-64
-64
-61
-54
-43
-29
-24
-26
-28
-31
-37
-31
-16
2
22
42
53
53
52
51
45
42
51
60
65
56
41
29
28
29
37
