0
0
0
0
0
1
255
255
0
1
0
0
255
252
0
3
0
35
255
234
0
57
255
223
0
62
255
235
0
62
255
245
0
64
255
249
0
64
0
2
0
64
0
4
0
64
255
250
0
63
255
241
0
62
255
240
0
62
255
238
0
62
255
239
0
64
255
252
0
63
0
11
0
62
0
16
0
62
0
17
0
62
0
15
0
64
0
0
0
61
255
237
0
56
255
225
0
54
255
222
0
55
255
223
0
60
255
238
0
65
0
10
0
51
0
37
0
35
0
55
0
13
0
62
0
3
0
65
0
5
0
64
0
12
0
63
0
18
0
62
0
22
0
60
0
22
0
60
0
14
0
63
0
1
0
64
255
246
0
64
255
240
0
62
255
240
0
62
255
247
0
64
0
4
0
64
0
18
0
62
0
27
0
58
0
29
0
57
0
24
0
59
0
12
0
63
255
253
0
64